"press" "alt" "temp.mean" "temp.sd" "temp.count" "x.mean" "x.sd" "y.mean" "y.sd" "xy.count" "wdeg" "wspd"
1031.692 -500 NA NA NA NA NA NA NA NA NA NA
1013.25 0 NA NA NA NA NA NA NA NA NA NA
995.076 500 15.618 3.951 71 11.708 2.862 -7.749 2.826 72 303.5 14.04
977.166 1000 14.593 3.464 92 14.393 3.03 -9.579 3.244 99 303.645 17.289
959.519 1500 13.187 3.673 212 14.865 3.119 -9.092 2.769 217 301.45 17.425
942.13 2000 11.533 3.136 403 15.677 3.262 -8.813 2.65 420 299.343 17.984
924.998 2500 10.325 2.933 450 16.629 3.328 -7.89 2.919 475 295.382 18.405
924.998 2500 10.325 2.933 450 16.629 3.328 -7.89 2.919 475 295.382 18.405
908.118 3000 8.04 2.525 737 18.136 4.072 -6.676 4.847 773 290.21 19.326
891.489 3500 6.768 2.315 440 19.314 3.559 -5.691 4.932 457 286.418 20.135
875.108 4000 5.779 1.989 391 20.524 3.372 -6.454 4.125 410 287.457 21.515
858.971 4500 4.303 1.853 285 20.658 3.999 -5.91 3.909 299 285.965 21.486
850.008 4781 3.542 1.877 313 20.135 4.003 -6.07 3.917 327 286.775 21.03
843.075 5000 3.078 1.822 341 19.517 3.635 -5.991 3.989 357 287.065 20.416
827.419 5500 1.748 1.778 327 17.546 4.315 -5.432 4.266 343 287.201 18.367
811.999 6000 0.868 2.001 298 17.614 4.404 -5.355 4.046 313 286.91 18.41
796.813 6500 -0.551 1.903 273 17.57 4.312 -5.089 4.681 284 286.153 18.292
781.857 7000 -0.004 2.247 319 15.803 5.913 -6.173 3.924 332 291.335 16.966
767.13 7500 1.132 1.837 382 16.45 5.013 -8.091 3.654 404 296.19 18.332
752.628 8000 1.023 1.688 342 17.769 4.421 -7.974 3.974 350 294.168 19.476
738.348 8500 0.697 1.597 303 19.038 3.477 -7.508 4.796 319 291.522 20.465
724.289 9000 0.01 1.413 333 20.031 3.639 -6.536 5.309 351 288.07 21.07
710.448 9500 -0.805 1.545 379 21.044 3.766 -6.241 4.41 382 286.519 21.95
700.018 9882 -1.051 1.472 449 22.071 3.667 -5.397 4.544 473 283.741 22.721
696.821 10000 -1.189 1.513 464 22.376 3.956 -5.301 4.547 481 283.329 22.996
683.407 10500 -2.055 1.471 456 23.895 4.317 -4.324 4.299 470 280.257 24.283
670.203 11000 -3.023 1.295 394 24.716 3.655 -3.548 4.177 411 278.168 24.97
657.206 11500 -4.144 1.355 389 25.344 3.761 -3.38 3.905 404 277.597 25.568
644.414 12000 -5.264 1.165 349 25.401 4.222 -2.467 5.921 367 275.548 25.52
631.824 12500 -6.175 1.296 363 27.003 3.275 -1.297 4.848 375 272.75 27.034
619.434 13000 -7.196 1.23 361 28.231 3.611 -1.974 4.679 378 273.999 28.299
607.242 13500 -8.061 1.084 343 29.032 3.787 -1.043 4.065 363 272.057 29.051
595.244 14000 -8.706 1.274 434 30.329 3.973 -1.851 3.648 436 273.493 30.386
583.44 14500 -9.773 1.159 414 31.988 3.437 -2.396 3.791 432 274.283 32.077
571.825 15000 -10.944 1.169 381 33.018 3.693 -2.014 3.84 399 273.491 33.08
560.399 15500 -11.948 1.199 399 33.97 3.949 -1.76 3.9 415 272.966 34.016
549.158 16000 -12.867 1.125 383 35.389 4.218 -1.874 4.355 402 273.032 35.439
538.1 16500 -14.08 1.154 386 36.779 4.026 -1.267 4.762 401 271.973 36.801
527.224 17000 -15.234 0.953 363 37.541 4.733 0.454 4.124 379 269.308 37.544
516.526 17500 -16.035 1.115 353 37.684 5.002 1.641 4.714 367 267.507 37.72
506.004 18000 -16.88 1.292 335 40.368 5.18 0.53 4.009 342 269.248 40.371
500.003 18289 -17.424 1.195 316 40.648 5.335 -0.187 3.582 332 270.263 40.648
495.657 18500 -17.751 1.381 328 41.183 5.26 -0.3 3.456 334 270.417 41.184
485.482 19000 -18.922 1.317 287 42.495 5.487 0.116 3.06 302 269.844 42.495
475.477 19500 -20.184 1.384 260 44.43 5.258 -0.633 2.704 270 270.816 44.434
465.639 20000 -21.448 1.237 274 45.919 5.773 -0.265 2.439 287 270.331 45.92
455.967 20500 -22.578 1.253 236 47.309 5.418 0.623 2.669 244 269.246 47.313
446.458 21000 -23.711 1.167 231 47.262 5.299 1.293 2.393 244 268.433 47.28
437.11 21500 -24.757 1.267 235 47.897 5.006 1.326 2.129 248 268.414 47.915
427.921 22000 -26.1 1.441 214 49.726 5.392 1.749 2.123 210 267.986 49.756
418.89 22500 -27.431 1.394 225 50.701 5.474 2.767 1.965 225 266.876 50.777
410.013 23000 -28.228 1.048 211 52.144 6.205 3.531 2.382 220 266.126 52.264
401.289 23500 -29.49 0.977 190 52.825 5.595 3.794 3.94 199 265.892 52.961
400.011 23574 -29.72 1.005 183 52.687 5.485 3.827 4 192 265.846 52.825
392.716 24000 -30.817 1.057 210 53.819 5.163 4.658 3.721 220 265.053 54.02
384.293 24500 -31.705 1.02 135 53.985 5.229 3.724 3.579 143 266.054 54.113
376.016 25000 -32.909 1.091 129 54.078 5.462 3.629 4.412 133 266.161 54.2
367.884 25500 -33.958 1.01 108 55.065 5.553 4.766 3.903 113 265.054 55.271
359.895 26000 -35.123 1.051 87 57.475 5.968 6.581 3.887 89 263.468 57.85
352.047 26500 -36.208 1.49 104 59.398 6.502 7.403 3.813 102 262.896 59.858
344.338 27000 -37.134 1.2 122 60.279 6.543 9.292 4.29 127 261.237 60.991
336.766 27500 -38.914 1.207 88 60.305 5.986 11.122 3.444 92 259.551 61.322
329.33 28000 -40.226 1.34 87 60.093 6.39 11.541 4.418 92 259.129 61.191
322.027 28500 -41.547 1.586 75 59.945 5.335 11.886 5.173 77 258.785 61.112
314.856 29000 -41.768 1.392 199 64.815 5.423 12.645 3.805 209 258.961 66.037
307.815 29500 -43.655 1.707 106 63.367 4.866 12.259 3.749 104 259.05 64.542
300.902 30000 -45.078 1.31 144 61.988 5.598 11.225 7.505 153 259.736 62.996
300.013 30065 -45.221 1.304 152 61.93 5.565 11.405 7.356 158 259.566 62.972
294.115 30500 -45.881 1.519 103 63.765 6.33 13.674 3.773 106 257.897 65.215
287.453 31000 -47.298 1.073 653 68.106 3.009 11.452 2.705 661 260.455 69.062
280.913 31500 -47.499 1.389 104 68.9 7.74 14.907 4.898 102 257.792 70.494
274.495 32000 -47.615 0.788 653 69.896 3.766 13.742 4.16 666 258.877 71.234
268.195 32500 -48.781 0.707 110 68.088 7.714 12.202 10.394 111 259.84 69.173
262.014 33000 -49.572 1.087 524 72.709 8.462 22.321 10.594 527 252.934 76.058
255.948 33500 -49.178 1.571 148 65.955 8.907 11.731 9.943 151 259.915 66.99
249.996 34000 -49.216 1.359 908 57.059 10.562 7.016 5.792 932 262.99 57.489
244.157 34500 -49.05 1.372 174 62.606 11.133 11.838 8.811 182 259.292 63.715
238.429 35000 -49.254 2.355 3437 60.348 9.397 15.531 6.622 3592 255.567 62.314
232.81 35500 -47.76 1.044 74 57.691 11.319 5.175 4.663 79 264.874 57.923
227.299 36000 -46.941 1.851 2920 53.782 11.082 2.031 3.592 2973 267.838 53.821
221.896 36500 -45.456 0.941 48 58.266 10.028 7.251 6.945 51 262.906 58.715
216.627 37000 -44.174 1.354 2547 47.374 10.358 9.537 6.641 2548 258.618 48.324
211.483 37500 -44.357 0.986 95 45.447 5.683 -1.667 4.507 100 272.1 45.477
206.461 38000 -44.306 1.018 3869 40.934 4.401 -1.175 4.191 4076 271.645 40.951
201.559 38500 -43.038 0.998 74 44.039 9.336 1.776 2.617 74 267.691 44.074
196.773 39000 -43.571 0.955 1598 41.378 8.662 3.808 4.567 1663 264.742 41.553
192.101 39500 NA NA NA NA NA NA NA NA NA NA
187.539 40000 -41.846 0.712 376 36.237 2.923 -9.249 2.357 396 284.318 37.398
183.086 40500 NA NA NA NA NA NA NA NA NA NA
178.739 41000 NA NA NA NA NA NA NA NA NA NA
174.495 41500 NA NA NA NA NA NA NA NA NA NA
170.351 42000 NA NA NA NA NA NA NA NA NA NA
166.306 42500 NA NA NA NA NA NA NA NA NA NA
162.358 43000 NA NA NA NA NA NA NA NA NA NA
158.502 43500 NA NA NA NA NA NA NA NA NA NA
154.739 44000 NA NA NA NA NA NA NA NA NA NA
151.064 44500 NA NA NA NA NA NA NA NA NA NA
147.477 45000 -46.096 0.16 84 41.553 0.476 7.311 1.209 81 260.021 42.191
